TABLE 1: CEC 2017 Benchmark Results (D=30, 10 runs)
========================================================================================================================
Func            PSO          GWO          WOA          SCA          HHO           AO         AVOA          ARO         INFO          SGA         PSGO
------------------------------------------------------------------------------------------------------------------------
F1         1.43e+09     1.31e+10     1.13e+06     1.21e+10     3.99e+10     5.45e+06   *6.39e+03*     1.05e+10     4.01e+10     2.38e+07     1.17e+06
F3         4.15e+02     4.86e+02     1.05e+02     2.06e+03     1.07e+04     9.93e+01     9.44e+01     1.40e+03     8.40e+03     1.33e+02   *5.01e+01*
F4         4.32e+03     5.12e+03     6.14e+02     2.12e+04     7.16e+04     3.87e+02   *1.66e+02*     1.51e+04     5.68e+04     2.59e+02     2.41e+02
F5       *4.41e-04*     5.37e-03     2.92e-03     2.38e-02     2.87e-02     1.13e-03     1.42e-03     2.27e-02     1.32e-02     1.05e-03     6.87e-03
F6         7.55e+04     1.99e+05     7.14e+03     8.19e+05     2.18e+06     6.49e+02   *2.03e+02*     5.95e+05     2.02e+06     1.27e+03     4.08e+02
F7       *3.12e+02*     3.64e+02     4.35e+02     5.08e+02     6.20e+02     4.44e+02     3.19e+02     4.98e+02     6.34e+02     3.67e+02     3.67e+02
F8         8.23e+00     5.99e+00     1.22e+01     1.49e+01     2.76e+01     1.20e+01     1.25e+01     1.59e+01     2.41e+01     1.39e+01   *1.85e+00*
F9       *0.00e+00*     1.66e+03     0.00e+00     2.97e+03     3.04e+03     0.00e+00     5.09e+02     2.91e+03     1.02e+03     0.00e+00     2.83e+03
F10        1.70e+05     2.68e+05     6.19e+04     2.90e+06     3.99e+07     1.45e+05   *1.81e+04*     3.56e+05     1.25e+07     4.20e+04     3.52e+04
F11        1.49e+08     1.67e+08     5.25e+06     2.58e+09     7.29e+09     8.20e+06   *5.48e+05*     1.12e+09     6.44e+09     1.04e+06     7.65e+05
F12        5.68e+07     3.43e+08     3.69e+05     1.78e+09     1.07e+10     7.46e+05     1.07e+05     6.16e+08     7.26e+09     1.47e+05   *3.66e+04*
F13        1.33e+05     4.43e+06     6.62e+05     1.51e+06     1.11e+07     8.67e+05     6.17e+05     1.61e+06     7.39e+06     3.38e+05   *1.25e+05*
F14        2.24e+07     3.28e+07     1.81e+05     6.85e+08     4.00e+09     4.80e+05     9.06e+04     1.98e+08     3.11e+09     9.37e+04   *5.18e+04*
F15        2.90e+07     1.62e+07     5.15e+05     1.49e+07     1.10e+09     5.56e+04     9.04e+02     2.90e+06     1.37e+08     9.00e+03   *1.77e+02*
F16        4.59e+04     1.62e+06     1.52e+04     3.09e+09     5.60e+13     3.96e+04   *1.39e+03*     8.74e+07     3.96e+13     2.15e+03     9.83e+03
F17        1.19e+06     7.48e+06     1.37e+05     5.63e+05     2.91e+05     6.87e+05     9.35e+04     4.71e+05     3.25e+06     1.39e+05   *4.29e+04*
F18        8.46e+08     1.86e+10     9.91e+04     2.53e+10     5.52e+11     1.70e+05     8.48e+04     6.82e+09     5.08e+12     5.84e+04   *3.06e+04*
F19      *7.23e+01*     2.46e+03     5.59e+02     3.27e+03     8.82e+03     3.20e+03     1.22e+02     2.84e+03     7.37e+03     2.79e+02     2.91e+02
F20        1.61e+03     5.10e+03     8.72e+02     1.15e+04     4.58e+04     3.85e+02   *3.57e+02*     6.16e+03     3.73e+04     4.48e+02     4.95e+02
F21        1.07e+02     1.88e+02     2.97e+01     4.19e+02     1.54e+03   *0.00e+00*     0.00e+00     7.40e+02     1.30e+03     0.00e+00     1.67e+02
F22        6.88e+03     9.27e+03     7.55e+02     2.33e+04     5.66e+04     5.56e+02   *3.46e+02*     1.60e+04     5.04e+04     7.28e+02     8.20e+02
F23        5.90e+03     5.67e+03     6.38e+02     1.26e+04     3.06e+04     3.74e+02   *2.23e+02*     1.01e+04     2.80e+04     6.62e+02     3.03e+02
F24        4.58e+02     6.47e+02     4.92e+02     1.21e+03     4.29e+03     4.39e+02     4.43e+02     1.26e+03     2.98e+03     4.47e+02   *4.25e+02*
F25        1.07e+03     9.99e+02     8.56e+02     1.61e+03     3.96e+03     1.15e+03     8.60e+02     1.43e+03     4.47e+03     8.55e+02   *8.35e+02*
F26        6.24e+02     6.36e+02     5.55e+02     8.11e+02     1.41e+03     7.19e+02     6.00e+02     7.61e+02     1.21e+03     5.39e+02   *5.36e+02*
F27        5.62e+02     6.41e+02     4.34e+02     1.20e+03     3.29e+03     4.65e+02     1.77e+02     7.88e+02     2.49e+03     4.47e+02   *1.63e+02*
F28        5.86e+06     2.10e+09     8.42e+05     4.53e+09     3.04e+11     4.47e+08   *1.21e+04*     1.10e+09     5.04e+11     1.55e+05     9.22e+04
F29        1.94e+06     3.43e+09     2.29e+06     2.96e+09     4.56e+10     8.70e+06     4.20e+05     9.87e+08     2.65e+10     6.56e+05   *2.61e+05*
------------------------------------------------------------------------------------------------------------------------
FrRank         5.12         6.93         4.20         8.68        10.61         4.59       *2.25*         7.86         9.96         3.34         2.46
========================================================================================================================
* = best result per row. PSGO column is rightmost.